1.000000000 0.000000000 0.000000000 0.000000000 0.000000000 1.000000000 0.000000000 0.000000000 0.000000000 0.000000000 1.000000000 0.000000000
0.999999404 -0.000295958 -0.001050762 0.002098285 0.000296132 0.999999940 0.000165590 -0.000012477 0.001050713 -0.000165901 0.999999464 0.001213327
1.000000000 -0.000135691 0.000120917 -0.000043270 0.000135718 0.999999940 -0.000218223 0.000371273 -0.000120888 0.000218240 0.999999940 -0.000404345
0.999999762 -0.000199944 0.000652488 -0.001238754 0.000200891 0.999998927 -0.001452334 0.003790607 -0.000652197 0.001452465 0.999998748 0.000312663
0.999999702 0.000509596 0.000584604 -0.001355253 -0.000509236 0.999999702 -0.000616782 0.001598624 -0.000584918 0.000616484 0.999999642 0.001318237
0.999998808 0.000519863 -0.001470521 0.003633568 -0.000519752 0.999999881 0.000076155 0.000302604 0.001470560 -0.000075391 0.999998927 0.001345940
0.999999523 -0.000619401 -0.000774671 0.002819949 0.000618515 0.999999166 -0.001143544 0.002722301 0.000775379 0.001143064 0.999999046 0.000364375
0.999998152 0.000570532 0.001836136 -0.004728309 -0.000569165 0.999999583 -0.000744696 0.001801226 -0.001836560 0.000743649 0.999998033 0.000503868
0.999995172 -0.000484587 0.003078725 -0.008015110 0.000491766 0.999997139 -0.002331362 0.005487280 -0.003077587 0.002332865 0.999992549 0.003451978
0.999999762 -0.000321435 0.000639266 -0.001519154 0.000321197 0.999999881 0.000372361 -0.000748635 -0.000639386 -0.000372155 0.999999702 -0.001254449
0.999999106 0.000353333 0.001284027 -0.003244827 -0.000351476 0.999998868 -0.001445625 0.003090868 -0.001284536 0.001445172 0.999998152 -0.000459161
0.999999344 0.000463048 -0.001045668 0.003913965 -0.000461947 0.999999344 0.001053103 -0.002235379 0.001046155 -0.001052620 0.999998927 -0.000908834
0.999992728 -0.000979993 -0.003688900 0.009770377 0.000975468 0.999998748 -0.001228158 0.004133565 0.003690099 0.001224551 0.999992430 -0.002100809
0.999996960 -0.000347983 -0.002432435 0.007053056 0.000344424 0.999998868 -0.001463233 0.004191199 0.002432942 0.001462390 0.999995947 -0.003090799
0.999996185 -0.000466218 0.002720749 -0.005951746 0.000473640 0.999996185 -0.002727771 0.007030832 -0.002719467 0.002729049 0.999992549 -0.000121497
0.999999225 0.000266458 -0.001196894 0.003412014 -0.000266587 0.999999940 -0.000106912 0.000106705 0.001196866 0.000107231 0.999999285 0.000257389
0.999999702 0.000683196 0.000404417 -0.000903218 -0.000682798 0.999999285 -0.000983480 0.001963009 -0.000405089 0.000983204 0.999999464 0.001409941
0.999999940 -0.000279344 -0.000161942 0.000783263 0.000279382 0.999999940 0.000235203 -0.000366460 0.000161876 -0.000235248 0.999999940 -0.000000369
0.999999940 0.000174552 -0.000240618 0.001143772 -0.000174661 0.999999881 -0.000454368 0.001338750 0.000240539 0.000454410 0.999999881 0.001594420
0.999998868 0.000754636 -0.001284853 0.003239125 -0.000753378 0.999999225 0.000979357 -0.002225749 0.001285591 -0.000978388 0.999998689 0.000519406
0.999999702 0.000289580 0.000721354 -0.002163009 -0.000289406 0.999999940 -0.000241292 0.000472398 -0.000721423 0.000241083 0.999999702 0.000926749
0.999999464 0.000249460 0.000986768 -0.001400451 -0.000249667 0.999999940 0.000209036 -0.000118904 -0.000986715 -0.000209282 0.999999464 -0.000025602
0.999998391 -0.000309994 0.001767994 -0.004459511 0.000312193 0.999999166 -0.001243618 0.002967818 -0.001767607 0.001244167 0.999997675 0.000339436
1.000000000 0.000071096 0.000195295 -0.000138767 -0.000070894 0.999999464 -0.001032411 0.002570017 -0.000195368 0.001032398 0.999999464 0.000188273
0.999999046 -0.000170639 0.001370239 -0.002561595 0.000170408 1.000000000 0.000169069 -0.000538135 -0.001370268 -0.000168835 0.999999046 -0.001340293
0.999999583 -0.000433858 -0.000834821 0.002067489 0.000434540 0.999999583 0.000817934 -0.001980564 0.000834466 -0.000818296 0.999999344 0.000669989
0.999999404 -0.000099892 0.001083703 -0.002597461 0.000099757 1.000000000 0.000124518 -0.000002772 -0.001083715 -0.000124410 0.999999404 -0.000117105
0.999999881 0.000374003 0.000260733 0.000401392 -0.000373895 0.999999821 -0.000414322 0.001066453 -0.000260888 0.000414225 0.999999881 0.000777261
0.999999583 0.000314975 0.000877776 -0.001620078 -0.000314387 0.999999702 -0.000669885 0.001467972 -0.000877987 0.000669608 0.999999404 -0.000157298
0.999999344 0.000952673 0.000591986 -0.001100450 -0.000952329 0.999999404 -0.000581348 0.001449106 -0.000592539 0.000580783 0.999999642 -0.000277747
0.999999464 -0.000402675 0.000964119 -0.002415721 0.000403907 0.999999106 -0.001278326 0.003800602 -0.000963603 0.001278715 0.999998689 -0.000088527
0.999998927 0.001465671 -0.000035419 0.000094525 -0.001465659 0.999998868 0.000339701 -0.000910824 0.000035917 -0.000339648 0.999999940 0.001334711
0.999988437 0.000676590 -0.004764563 0.012690851 -0.000676069 0.999999762 0.000111030 -0.000210733 0.004764637 -0.000107807 0.999988616 0.000339724
0.999996960 -0.000256520 -0.002442466 0.005653962 0.000252027 0.999998271 -0.001839763 0.004324235 0.002442934 0.001839141 0.999995351 0.001051206
0.999999464 -0.000569917 0.000858128 -0.001870543 0.000573445 0.999991357 -0.004117304 0.008797826 -0.000855774 0.004117795 0.999991179 0.001011398
0.999999583 -0.000428241 -0.000809901 0.003735345 0.000426369 0.999997258 -0.002309179 0.004375387 0.000810888 0.002308833 0.999997020 -0.000093203
0.999998271 -0.000598679 0.001746364 -0.002957894 0.000602803 0.999997020 -0.002361486 0.004632411 -0.001744945 0.002362534 0.999995708 0.000556810
0.999997914 -0.001567334 0.001294886 -0.002407569 0.001572091 0.999992013 -0.003680554 0.008340481 -0.001289107 0.003682582 0.999992371 0.002784710
0.999999881 0.000456983 -0.000264947 0.001287365 -0.000457862 0.999994397 -0.003324674 0.006745288 0.000263426 0.003324794 0.999994457 0.000950530
0.999999344 -0.001116494 -0.000328598 0.002293816 0.001116014 0.999998331 -0.001460024 0.003313964 0.000330227 0.001459656 0.999998868 0.000122673
0.999999940 -0.000305118 0.000105566 0.000226517 0.000304989 0.999999225 0.001216600 -0.003461257 -0.000105937 -0.001216567 0.999999225 0.002692435
0.999994218 -0.000547261 -0.003349565 0.006884458 0.000550719 0.999999344 0.001031589 -0.002952371 0.003348998 -0.001033427 0.999993861 0.000360610
0.999999225 -0.001016816 0.000701099 -0.002951175 0.001018331 0.999997139 -0.002162711 0.006151362 -0.000698897 0.002163424 0.999997437 0.002167584
0.999998808 -0.001337781 -0.000751837 0.000720088 0.001337380 0.999998987 -0.000534325 0.001936403 0.000752551 0.000533318 0.999999583 0.001217589
0.999999225 -0.001251583 -0.000072678 0.000351790 0.001251391 0.999995887 -0.002585254 0.007652158 0.000075914 0.002585161 0.999996662 0.001107170
0.999998748 -0.000324337 0.001531468 -0.003572569 0.000325399 0.999999702 -0.000692977 0.003638773 -0.001531243 0.000693475 0.999998569 0.000207859
1.000000000 0.000045639 0.000233283 -0.000759615 -0.000045380 0.999999404 -0.001110082 0.002809299 -0.000233333 0.001110072 0.999999344 0.001451457
0.999996245 0.000732046 -0.002631810 0.007059906 -0.000736190 0.999998510 -0.001573906 0.003522795 0.002630654 0.001575838 0.999995291 -0.001317468
0.999999762 0.000699494 0.000056931 0.000120523 -0.000699490 0.999999762 -0.000061670 0.000209294 -0.000056975 0.000061630 1.000000000 0.000288180
0.999999762 0.000619650 -0.000280470 0.001508604 -0.000619723 0.999999762 -0.000258280 0.000592137 0.000280310 0.000258454 0.999999940 -0.000184893
0.999999523 0.000509462 0.000850310 -0.001977653 -0.000509123 0.999999762 -0.000398672 0.001125546 -0.000850513 0.000398239 0.999999583 0.000488133
0.999999881 0.000476760 0.000146162 -0.000086070 -0.000476752 0.999999881 -0.000054534 0.000333583 -0.000146188 0.000054465 1.000000000 -0.000009193
0.999992728 0.000594299 -0.003766183 0.009816198 -0.000596929 0.999999583 -0.000697081 0.001836809 0.003765767 0.000699324 0.999992669 0.000027860
0.999998689 -0.000379645 -0.001573993 0.004414027 0.000378265 0.999999523 -0.000876880 0.002646115 0.001574325 0.000876284 0.999998391 0.000375665
0.999999940 0.000308695 0.000098388 0.000017382 -0.000308442 0.999996662 -0.002561522 0.006499127 -0.000099178 0.002561492 0.999996722 -0.000241508
0.999996841 -0.000089212 -0.002511212 0.006298174 0.000089065 1.000000000 -0.000058678 0.000672713 0.002511217 0.000058455 0.999996841 0.000698119
0.999997795 0.000742771 -0.001965267 0.005076005 -0.000742619 0.999999702 0.000078065 -0.000369087 0.001965325 -0.000076605 0.999998093 0.001444580
0.999999881 0.000356445 0.000349211 -0.000138700 -0.000356203 0.999999702 -0.000691399 0.002214497 -0.000349458 0.000691275 0.999999702 -0.000863535
0.999999702 -0.000591814 0.000467906 -0.000826296 0.000592217 0.999999464 -0.000861348 0.002424996 -0.000467396 0.000861625 0.999999523 -0.000557727
0.999999940 0.000054215 -0.000239754 0.000684006 -0.000054774 0.999997258 -0.002332655 0.002622219 0.000239627 0.002332668 0.999997258 0.002933814
0.999999106 0.000778992 0.001111354 -0.002490231 -0.000777931 0.999999225 -0.000954891 0.002160556 -0.001112097 0.000954025 0.999998927 0.000108799
0.999999225 -0.000670948 -0.001063427 0.003033234 0.000669351 0.999998629 -0.001501516 0.003200221 0.001064433 0.001500803 0.999998331 0.000149297
0.999997020 -0.001450740 -0.001948969 0.004746560 0.001448742 0.999998450 -0.001026220 -0.000166809 0.001950455 0.001023393 0.999997556 0.001533460
0.999999046 -0.000454939 0.001285438 -0.003042959 0.000457685 0.999997616 -0.002136459 0.003506936 -0.001284463 0.002137045 0.999996901 0.001859680
0.999998748 -0.001519435 -0.000453224 0.000666057 0.001517968 0.999993682 -0.003219160 0.004067260 0.000458112 0.003218468 0.999994695 -0.001679420
0.999999523 -0.000713574 0.000636483 -0.001533160 0.000714796 0.999997914 -0.001921626 -0.000294359 -0.000635110 0.001922080 0.999997973 -0.001236767
0.999994636 -0.002675607 -0.001888532 0.004186464 0.002670074 0.999992132 -0.002926102 0.000633186 0.001896347 0.002921044 0.999993920 0.001575771
0.999996543 -0.002588558 0.000516799 -0.001857175 0.002589624 0.999994516 -0.002073495 -0.001469504 -0.000511429 0.002074826 0.999997735 0.001676509
0.999991715 -0.003677503 0.001762112 -0.004069043 0.003684172 0.999985993 -0.003796870 0.003079616 -0.001748125 0.003803331 0.999991238 0.001096085
0.999991775 -0.003990325 -0.000700493 0.000100189 0.003985109 0.999965429 -0.007295308 0.004075514 0.000729579 0.007292456 0.999973118 0.001657908
0.999983549 -0.005733732 0.000221660 -0.002200882 0.005735552 0.999939919 -0.009339088 0.000678610 -0.000168099 0.009340205 0.999956369 -0.000809356
0.999978721 -0.006512767 -0.000402441 -0.001516362 0.006507161 0.999898970 -0.012639580 0.001757906 0.000484719 0.012636693 0.999920011 0.002223853
0.999953628 -0.009323263 -0.002402149 -0.004634868 0.009247721 0.999514818 -0.029742697 0.000600642 0.002678283 0.029719105 0.999554694 -0.001868484
0.999763489 -0.018130016 -0.012012605 -0.000375721 0.017320428 0.997775257 -0.064378195 -0.009363951 0.013153057 0.064154908 0.997853279 -0.006826522
0.999413073 -0.029454356 -0.017491933 -0.004576292 0.027823640 0.995810449 -0.087105654 -0.016593363 0.019984290 0.086567841 0.996045470 -0.016194504
0.999357522 -0.031182446 -0.017670114 -0.018256254 0.029683314 0.996389091 -0.079547092 -0.030484669 0.020086780 0.078971475 0.996674478 -0.028310182
0.999346614 -0.031211348 -0.018225761 -0.019066133 0.029927939 0.997311652 -0.066886440 -0.034401111 0.020264380 0.066297278 0.997594118 -0.037653241
0.999259412 -0.033335980 -0.019218655 -0.020199692 0.032129530 0.997681677 -0.059991717 -0.037558123 0.021173982 0.059329804 0.998013854 -0.045400329
0.999281406 -0.033100102 -0.018467387 -0.025896696 0.032130912 0.998206258 -0.050516266 -0.037102420 0.020106355 0.049886592 0.998552501 -0.052591030
0.999281168 -0.032238197 -0.019945582 -0.025170948 0.031660933 0.999089062 -0.028610704 -0.058485974 0.020849772 0.027958643 0.999391615 -0.063248761
0.999345124 -0.031016760 -0.018637007 -0.032089822 0.030770054 0.999436915 -0.013381519 -0.061292421 0.019041564 0.012799295 0.999736786 -0.071110062
0.999988139 -0.002136942 -0.004381539 -0.048892204 0.002028859 0.999697149 -0.024525752 -0.085823312 0.004432622 0.024516573 0.999689579 -0.090661392
0.999311268 0.034666765 0.013237509 -0.095410720 -0.034138188 0.998684466 -0.038261138 -0.169951320 -0.014546485 0.037782881 0.999180079 -0.129029110
0.999383807 0.030317707 0.017688453 -0.124585278 -0.029794376 0.999131322 -0.029135138 -0.184542969 -0.018556399 0.028590169 0.999418974 -0.127519563
0.999551356 0.025507202 0.015698968 -0.135802090 -0.025235133 0.999531984 -0.017291090 -0.204361856 -0.016132668 0.016887167 0.999727249 -0.133694425
0.999958277 0.004623855 0.007874375 -0.190813899 -0.004541890 0.999935627 -0.010395378 -0.222607300 -0.007921935 0.010359180 0.999914944 -0.147050157
0.999939859 -0.010530632 0.003056997 -0.237579003 0.010589242 0.999747217 -0.019834975 -0.249498025 -0.002847349 0.019866154 0.999798596 -0.155387133
0.999832511 -0.018002093 -0.003301276 -0.275564283 0.017871581 0.999190927 -0.036028605 -0.273047626 0.003947195 0.035963569 0.999345303 -0.162652954
0.999785781 -0.020670271 0.001072175 -0.339123130 0.020696932 0.998929799 -0.041363172 -0.309778363 -0.000216039 0.041376501 0.999143600 -0.163876206
0.999631941 -0.027129130 -0.000085117 -0.412210882 0.027098862 0.998655319 -0.044195049 -0.352055252 0.001283976 0.044176478 0.999022901 -0.178164035
0.999557793 -0.029615764 0.002666308 -0.447081119 0.029703118 0.998632193 -0.043028962 -0.365663260 -0.001388325 0.043089133 0.999070287 -0.173319355
0.999463260 -0.021596387 -0.024633031 -0.474544138 0.020481620 0.998793006 -0.044643093 -0.406631440 0.025567429 0.044114608 0.998699248 -0.234139010
0.999390483 -0.023067432 -0.026202083 -0.496710241 0.021894908 0.998783290 -0.044187468 -0.417334348 0.027189495 0.043586843 0.998679578 -0.240465835
0.999383092 -0.025160166 -0.024503689 -0.550838113 0.024107223 0.998811662 -0.042357534 -0.439644128 0.025540294 0.041740689 0.998802006 -0.247732565
0.999357879 -0.024678001 -0.025978189 -0.570537150 0.023478450 0.998687983 -0.045509316 -0.448893458 0.027067183 0.044870168 0.998626053 -0.256190687
0.999253154 -0.026934188 -0.027706133 -0.614515781 0.025719292 0.998730659 -0.043308582 -0.475960046 0.028837446 0.042563658 0.998677492 -0.265991628
0.999197662 -0.028643580 -0.027993131 -0.666353345 0.027498964 0.998802960 -0.040452488 -0.508716524 0.029118326 0.039650250 0.998789251 -0.281656086
0.999332130 -0.027323248 -0.024264239 -0.700840235 0.026276836 0.998753190 -0.042445004 -0.512895465 0.025393723 0.041779067 0.998804092 -0.278432071
0.999144435 -0.032126941 -0.026042644 -0.749293268 0.030966919 0.998560905 -0.043785237 -0.531690538 0.027411852 0.042941317 0.998701453 -0.286846012
0.998964787 -0.035507720 -0.028434677 -0.771723151 0.034356747 0.998609185 -0.039991800 -0.551551938 0.029815147 0.038973477 0.998795331 -0.292464405
0.998570144 -0.041638523 -0.033524320 -0.792760253 0.040334266 0.998437107 -0.038683906 -0.565736949 0.035082664 0.037276417 0.998688996 -0.304145217
0.998307228 -0.049046759 -0.031257760 -0.829700828 0.047794938 0.998071492 -0.039610516 -0.566428900 0.033140246 0.038049500 0.998726189 -0.296704322
0.997583091 -0.059664678 -0.035611097 -0.849791229 0.058237594 0.997507095 -0.039849959 -0.580943584 0.037899956 0.037679743 0.998570919 -0.298696488
0.994662523 -0.092464074 -0.045791175 -0.899751425 0.090475716 0.994937420 -0.043745495 -0.610802412 0.049604241 0.039369017 0.997992754 -0.309665620
0.992427647 -0.112036444 -0.050350774 -0.923507214 0.109374523 0.992595136 -0.052839950 -0.610546649 0.055897936 0.046932735 0.997332811 -0.306103706
0.989776015 -0.129864916 -0.058978960 -0.935754716 0.126747608 0.990472376 -0.053847447 -0.627135098 0.065409921 0.045821469 0.996805847 -0.316109002
0.987685144 -0.143461227 -0.062425714 -0.952067256 0.139670879 0.988294363 -0.061370153 -0.630828440 0.070499219 0.051895335 0.996160984 -0.322834253
0.985464096 -0.156400651 -0.066327959 -0.963356555 0.152265728 0.986303151 -0.063413061 -0.643325448 0.075337313 0.052391820 0.995780766 -0.322103411
0.984004378 -0.163578063 -0.070552520 -0.971483052 0.159675077 0.985473573 -0.057841927 -0.682636678 0.078989312 0.045651231 0.995829642 -0.333018720
0.982161045 -0.173039034 -0.073601060 -0.975472152 0.168343782 0.983525515 -0.065863125 -0.687798440 0.083785415 0.052297913 0.995110512 -0.339322656
0.980917692 -0.178642035 -0.076729730 -0.970146596 0.173226118 0.982225955 -0.072283290 -0.697724044 0.088278770 0.057612371 0.994428337 -0.346585095
0.980128586 -0.182278141 -0.078247450 -0.965805233 0.176539063 0.981437027 -0.074935615 -0.713001013 0.090454072 0.059632801 0.994113684 -0.353941441
0.979064345 -0.187781036 -0.078557253 -0.962090790 0.181446508 0.980036736 -0.081271976 -0.709127128 0.092250325 0.065316558 0.993591249 -0.356721699
0.975293815 -0.202749774 -0.087718204 -0.922619939 0.197292134 0.978049159 -0.067049392 -0.723212361 0.099386968 0.048086744 0.993886232 -0.377190650
0.972631514 -0.213399574 -0.091916017 -0.903261840 0.208502620 0.976176620 -0.060048893 -0.733788013 0.102540672 0.039240718 0.993954539 -0.383758545
0.965193391 -0.240401193 -0.102999732 -0.849008977 0.236043856 0.970308483 -0.052770477 -0.740882516 0.112627603 0.026621263 0.993280590 -0.401061177
0.960653424 -0.254772455 -0.110616490 -0.761513412 0.251098990 0.966858506 -0.046193898 -0.761503279 0.118719429 0.016600639 0.992789030 -0.420353532
0.965069771 -0.240944982 -0.102887824 -0.664264262 0.237879932 0.970417261 -0.041272637 -0.774872959 0.109788552 0.015356025 0.993836343 -0.434328854
0.993646502 -0.098809198 -0.053882610 -0.315569043 0.097375117 0.994835973 -0.028627018 -0.769927263 0.056432970 0.023198310 0.998136818 -0.464655578
0.986559331 -0.014134681 0.162790880 -0.448885828 0.030700287 0.994543910 -0.099699035 -0.601552248 -0.160493463 0.103356741 0.981610537 -0.296509117
0.986559331 -0.014134681 0.162790880 -0.448885828 0.030700287 0.994543910 -0.099699035 -0.601552248 -0.160493463 0.103356741 0.981610537 -0.296509117
0.986559331 -0.014134681 0.162790880 -0.448885828 0.030700287 0.994543910 -0.099699035 -0.601552248 -0.160493463 0.103356741 0.981610537 -0.296509117
0.986559331 -0.014134681 0.162790880 -0.448885828 0.030700287 0.994543910 -0.099699035 -0.601552248 -0.160493463 0.103356741 0.981610537 -0.296509117
0.986559331 -0.014134681 0.162790880 -0.448885828 0.030700287 0.994543910 -0.099699035 -0.601552248 -0.160493463 0.103356741 0.981610537 -0.296509117
0.986559331 -0.014134681 0.162790880 -0.448885828 0.030700287 0.994543910 -0.099699035 -0.601552248 -0.160493463 0.103356741 0.981610537 -0.296509117
0.986559331 -0.014134681 0.162790880 -0.448885828 0.030700287 0.994543910 -0.099699035 -0.601552248 -0.160493463 0.103356741 0.981610537 -0.296509117
0.986559331 -0.014134681 0.162790880 -0.448885828 0.030700287 0.994543910 -0.099699035 -0.601552248 -0.160493463 0.103356741 0.981610537 -0.296509117
0.986559331 -0.014134681 0.162790880 -0.448885828 0.030700287 0.994543910 -0.099699035 -0.601552248 -0.160493463 0.103356741 0.981610537 -0.296509117
0.986559331 -0.014134681 0.162790880 -0.448885828 0.030700287 0.994543910 -0.099699035 -0.601552248 -0.160493463 0.103356741 0.981610537 -0.296509117
0.986559331 -0.014134681 0.162790880 -0.448885828 0.030700287 0.994543910 -0.099699035 -0.601552248 -0.160493463 0.103356741 0.981610537 -0.296509117
0.986559331 -0.014134681 0.162790880 -0.448885828 0.030700287 0.994543910 -0.099699035 -0.601552248 -0.160493463 0.103356741 0.981610537 -0.296509117
0.986559331 -0.014134681 0.162790880 -0.448885828 0.030700287 0.994543910 -0.099699035 -0.601552248 -0.160493463 0.103356741 0.981610537 -0.296509117
0.986559331 -0.014134681 0.162790880 -0.448885828 0.030700287 0.994543910 -0.099699035 -0.601552248 -0.160493463 0.103356741 0.981610537 -0.296509117
0.986559331 -0.014134681 0.162790880 -0.448885828 0.030700287 0.994543910 -0.099699035 -0.601552248 -0.160493463 0.103356741 0.981610537 -0.296509117
0.986559331 -0.014134681 0.162790880 -0.448885828 0.030700287 0.994543910 -0.099699035 -0.601552248 -0.160493463 0.103356741 0.981610537 -0.296509117
0.986559331 -0.014134681 0.162790880 -0.448885828 0.030700287 0.994543910 -0.099699035 -0.601552248 -0.160493463 0.103356741 0.981610537 -0.296509117
0.986559331 -0.014134681 0.162790880 -0.448885828 0.030700287 0.994543910 -0.099699035 -0.601552248 -0.160493463 0.103356741 0.981610537 -0.296509117
0.986559331 -0.014134681 0.162790880 -0.448885828 0.030700287 0.994543910 -0.099699035 -0.601552248 -0.160493463 0.103356741 0.981610537 -0.296509117
0.986559331 -0.014134681 0.162790880 -0.448885828 0.030700287 0.994543910 -0.099699035 -0.601552248 -0.160493463 0.103356741 0.981610537 -0.296509117
0.986559331 -0.014134681 0.162790880 -0.448885828 0.030700287 0.994543910 -0.099699035 -0.601552248 -0.160493463 0.103356741 0.981610537 -0.296509117
0.986559331 -0.014134681 0.162790880 -0.448885828 0.030700287 0.994543910 -0.099699035 -0.601552248 -0.160493463 0.103356741 0.981610537 -0.296509117
0.986559331 -0.014134681 0.162790880 -0.448885828 0.030700287 0.994543910 -0.099699035 -0.601552248 -0.160493463 0.103356741 0.981610537 -0.296509117
0.986559331 -0.014134681 0.162790880 -0.448885828 0.030700287 0.994543910 -0.099699035 -0.601552248 -0.160493463 0.103356741 0.981610537 -0.296509117
0.986559331 -0.014134681 0.162790880 -0.448885828 0.030700287 0.994543910 -0.099699035 -0.601552248 -0.160493463 0.103356741 0.981610537 -0.296509117
0.986559331 -0.014134681 0.162790880 -0.448885828 0.030700287 0.994543910 -0.099699035 -0.601552248 -0.160493463 0.103356741 0.981610537 -0.296509117
0.986559331 -0.014134681 0.162790880 -0.448885828 0.030700287 0.994543910 -0.099699035 -0.601552248 -0.160493463 0.103356741 0.981610537 -0.296509117
0.986559331 -0.014134681 0.162790880 -0.448885828 0.030700287 0.994543910 -0.099699035 -0.601552248 -0.160493463 0.103356741 0.981610537 -0.296509117
0.986559331 -0.014134681 0.162790880 -0.448885828 0.030700287 0.994543910 -0.099699035 -0.601552248 -0.160493463 0.103356741 0.981610537 -0.296509117
0.986559331 -0.014134681 0.162790880 -0.448885828 0.030700287 0.994543910 -0.099699035 -0.601552248 -0.160493463 0.103356741 0.981610537 -0.296509117
0.986559331 -0.014134681 0.162790880 -0.448885828 0.030700287 0.994543910 -0.099699035 -0.601552248 -0.160493463 0.103356741 0.981610537 -0.296509117
1.000000000 0.000000000 0.000000000 0.000000000 0.000000000 1.000000000 0.000000000 0.000000000 0.000000000 0.000000000 1.000000000 0.000000000
0.999985933 0.002388453 0.004739919 -0.019264884 -0.002277880 0.999728322 -0.023197947 -0.002318823 -0.004794039 0.023186823 0.999719679 0.039291926
0.999951482 0.007743145 0.006086743 -0.026828844 -0.007501226 0.999218404 -0.038810730 -0.011045442 -0.006382504 0.038763192 0.999228060 0.078806654
0.999882519 0.012479387 0.008897625 -0.041991476 -0.012036989 0.998767495 -0.048151270 -0.034360193 -0.009487557 0.048038512 0.998800397 0.115242772
0.999805093 0.014777731 0.013092919 -0.072559029 -0.013752212 0.997071683 -0.075225815 -0.065517746 -0.014166246 0.075031102 0.997080564 0.172596037
0.999882996 0.011693551 0.009863401 -0.090472654 -0.010554466 0.994035959 -0.108540639 -0.074736506 -0.011073801 0.108423837 0.994043052 0.214891180
0.999958515 0.007934661 0.004468605 -0.094830066 -0.007321508 0.992303252 -0.123614818 -0.074014515 -0.005415053 0.123576976 0.992320240 0.229403824
0.999987483 0.003707121 0.003361339 -0.106790133 -0.003226345 0.991082788 -0.133208558 -0.073491886 -0.003825186 0.133196041 0.991082311 0.237977847
0.999993265 -0.001291619 -0.003427727 -0.108925313 0.000813371 0.990705371 -0.136022627 -0.072242692 0.003571557 0.136018932 0.990699828 0.243009537
0.999756038 -0.014212015 -0.016908202 -0.114870094 0.012225106 0.993598342 -0.112307087 -0.073321044 0.018396072 0.112072982 0.993529677 0.239726335
0.999556601 -0.016979795 -0.024458978 -0.113311999 0.014631788 0.995542824 -0.093168765 -0.067783907 0.025931947 0.092769578 0.995349884 0.231446952
0.999110222 -0.015949415 -0.039044026 -0.111735195 0.013250177 0.997567177 -0.068441361 -0.062235184 0.040040635 0.067863122 0.996890843 0.211662143
0.999942422 -0.010560255 -0.001918379 -0.195638135 0.010442875 0.998520851 -0.053357914 -0.081549771 0.002479014 0.053334806 0.998573601 0.163141653
0.999927878 -0.010889810 -0.005059348 -0.204444617 0.010617943 0.998643816 -0.050968014 -0.081465617 0.005607519 0.050910618 0.998687446 0.141188607
0.999947250 -0.008524773 -0.005727980 -0.230169833 0.008345230 0.999494731 -0.030669836 -0.080740422 0.005986539 0.030620417 0.999513149 0.085464165
0.999914944 -0.003096880 -0.012669588 -0.262970954 0.003061543 0.999991357 -0.002807578 -0.068564191 0.012678174 0.002768551 0.999915779 -0.004090121
0.999989867 -0.003946737 -0.002159638 -0.339865029 0.003953123 0.999987781 0.002960881 -0.070371859 0.002147925 -0.002969389 0.999993265 -0.112089917
0.999664485 0.025876272 0.001154681 -0.402306676 -0.025890091 0.999563575 0.014224694 -0.049877144 -0.000786095 -0.014249817 0.999898136 -0.260869592
0.999727309 0.022637241 -0.005736464 -0.410853952 -0.022504892 0.999500871 0.022171685 -0.032959592 0.006235506 -0.022036541 0.999737740 -0.357498407
0.999515057 0.029841444 -0.008892897 -0.442148089 -0.029517354 0.998965859 0.034582946 -0.010465935 0.009915705 -0.034303680 0.999362290 -0.443098962
0.999941647 0.010792116 -0.000475076 -0.532872915 -0.010739613 0.997893453 0.063978925 -0.030912600 0.001164543 -0.063970089 0.997951150 -0.511493325
0.999965906 0.000908012 -0.008210468 -0.553586721 -0.000303674 0.997309208 0.073309548 -0.022439420 0.008254942 -0.073304556 0.997275412 -0.561121881
1.000000000 0.000000000 0.000000000 0.000000000 0.000000000 1.000000000 0.000000000 0.000000000 0.000000000 0.000000000 1.000000000 0.000000000
0.999644756 0.018122725 -0.019543048 -0.030519912 -0.018127678 0.999835670 -0.000076343 0.013855499 0.019538453 0.000430586 0.999809027 -0.019287106
0.998596251 0.034875449 -0.039865088 -0.060267709 -0.035035636 0.999380529 -0.003326538 0.030976944 0.039724380 0.004718568 0.999199510 -0.040170521
0.996909022 0.052468818 -0.058476079 -0.086379774 -0.052857693 0.998588920 -0.005122305 0.044229634 0.058124803 0.008197382 0.998275697 -0.059882633
